1 36000105 38 
2 36003557 26 
3 36007003 32 
4 36001089 74 
5 36001651 86 
6 36008276 100 
7 36009525 88 
8 36004510 64 
9 36005491 16 
10 36001214 72 
11 36005642 -1 
12 36001798 74 
13 36005382 -1 
14 36007872 -1 
15 36003768 32 
16 36001705 34 
17 36004086 46 
18 36004940 -1 
19 36000697 12 
20 36003551 24 
21 36002116 80 
22 36009053 78 
23 36000352 18 
24 36005969 30 
25 36006492 92 
26 36005534 56 
27 36002536 26 
28 36005662 18 
29 36009486 26 
30 36007150 78 
31 36001679 38 
32 36006147 100 
33 36007375 34 
34 36002857 68 
35 36005591 82 
36 36006508 38 
37 36009189 70 
38 36006555 104 
39 36004211 42 
40 36000146 50 
41 36005463 54 
42 36005832 48 
43 36008356 76 
44 36003528 98 
45 36006985 94 
46 36000721 100 
47 36008472 72 
48 36004937 -1 
49 36003547 80 
50 36002445 46 
51 36003385 -1 
52 36003223 20 
53 36002695 102 
54 36002167 92 
55 36009050 66 
56 36006552 56 
57 36008479 78 
58 36009744 -1 
59 36007299 14 
60 36001157 42 
61 36000203 104 
62 36002471 -1 
63 36004595 46 
64 36000087 50 
65 36001175 100 
66 36003839 6 
67 36000778 22 
68 36001958 40 
69 36007456 20 
70 36002277 90 
71 36007819 92 
72 36009700 62 
73 36006613 36 
74 36009906 22 
75 36008566 16 
76 36009312 14 
77 36006465 30 
78 36001288 -1 
79 36005497 52 
80 36008610 70 
81 36003834 28 
82 36002178 74 
83 36009468 -1 
84 36005973 80 
85 36003299 100 
86 36008271 44 
87 36008466 34 
88 36009100 92 
89 36005941 84 
90 36003954 56 
91 36006355 76 
92 36003754 -1 
93 36008094 -1 
94 36001056 74 
95 36001628 -1 
96 36002516 -1 
97 36000098 -1 
98 36007596 20 
99 36006156 102 
100 36003532 46 
101 36005046 -1 
102 36006536 8 
103 36003943 86 
104 36009265 -1 
105 36007535 76 
106 36004527 34 
107 36009866 64 
108 36005245 42 
109 36002416 38 
110 36000664 -1 
111 36008436 90 
112 36008817 24 
113 36003542 22 
114 36005232 -1 
115 36002541 90 
116 36007895 56 
117 36002523 20 
118 36008458 30 
119 36002196 102 
120 36009706 96 
121 36007471 48 
122 36009260 42 
123 36003298 66 
124 36009546 76 
125 36001753 62 
126 36003998 -1 
127 36006372 50 
128 36009526 42 
129 36002739 -1 
130 36005222 88 
131 36005321 52 
132 36007324 -1 
133 36000553 10 
134 36000425 34 
135 36006177 48 
136 36004935 24 
137 36006823 30 
138 36000791 32 
139 36005851 24 
140 36007419 26 
141 36003432 48 
142 36009944 92 
143 36000884 98 
144 36001653 86 
145 36001264 60 
146 36002702 6 
147 36006195 30 
148 36005081 78 
149 36008960 16 
150 36003823 72 
151 36003833 56 
152 36004463 56 
153 36001665 42 
154 36006755 96 
155 36001723 -1 
156 36004626 22 
157 36009774 64 
158 36002390 70 
159 36002422 104 
160 36007211 42 
161 36007691 10 
162 36007810 92 
163 36001864 64 
164 36009429 96 
165 36002570 102 
166 36005038 100 
167 36008114 82 
168 36002803 40 
169 36003070 52 
170 36009790 84 
171 36000114 38 
172 36001929 36 
173 36008106 54 
174 36000222 16 
175 36006434 80 
176 36003211 6 
177 36005594 58 
178 36005682 -1 
179 36004027 66 
180 36003627 66 
181 36001205 36 
182 36005458 24 
183 36006970 8 
184 36009467 100 
185 36007115 -1 
186 36007533 20 
187 36005222 66 
188 36005088 -1 
189 36000751 18 
190 36007327 22 
191 36003371 12 
192 36001665 64 
193 36003547 10 
194 36006454 10 
195 36009382 58 
196 36005939 18 
197 36009691 14 
198 36001470 68 
199 36003349 94 
200 36008965 38 
