10.00 36000105 5 38 8
 9.98 36003557 26 58 24
 9.96 36007003 99 32 49
 9.94 36001089 74 61 9
 9.92 36001651 86 73 81
 9.90 36008276 100 26 47
 9.88 36009525 88 97 86
 9.86 36004510 65 71 64
 9.84 36005491 77 16 45
 9.82 36001214 72 52 54
 9.80 36005642 39 91 31
 9.78 36001798 47 74 21
 9.76 36005382 69 67 5
 9.74 36007872 31 51 43
 9.72 36003768 63 65 32
 9.70 36001705 85 34 38
 9.68 36004086 29 46 10
 9.66 36004940 103 5 45
 9.64 36000697 12 30 102
 9.62 36003551 45 24 24
 9.60 36002116 29 80 93
 9.58 36009053 78 51 58
 9.56 36000352 18 50 53
 9.54 36005969 30 16 75
 9.52 36006492 93 92 9
 9.50 36005534 56 67 82
 9.48 36002536 26 28 38
 9.46 36005662 18 66 8
 9.44 36009486 26 85 67
 9.42 36007150 78 60 62
 9.40 36001679 38 91 87
 9.38 36006147 100 104 103
 9.36 36007375 55 34 76
 9.34 36002857 68 54 22
 9.32 36005591 43 82 43
 9.30 36006508 17 19 38
 9.28 36009189 70 69 75
 9.26 36006555 71 77 104
 9.24 36004211 61 42 103
 9.22 36000146 99 50 28
 9.20 36005463 54 67 75
 9.18 36005832 83 48 5
 9.16 36008356 76 103 50
 9.14 36003528 98 69 61
 9.12 36006985 27 35 94
 9.10 36000721 100 66 13
 9.08 36008472 77 72 97
 9.06 36004937 33 73 35
 9.04 36003547 80 102 97
 9.02 36002445 46 96 46
 9.00 36003385 93 19 19
 8.98 36003223 20 67 99
 8.96 36002695 15 102 29
 8.94 36002167 13 57 92
 8.92 36009050 31 66 94
 8.90 36006552 13 56 87
 8.88 36008479 78 66 59
 8.86 36009744 103 11 41
 8.84 36007299 14 73 38
 8.82 36001157 42 30 55
 8.80 36000203 104 5 13
 8.78 36002471 59 47 27
 8.76 36004595 19 25 46
 8.74 36000087 51 50 23
 8.72 36001175 47 100 10
 8.70 36003839 6 71 62
 8.68 36000778 13 22 25
 8.66 36001958 31 40 7
 8.64 36007456 20 92 7
 8.62 36002277 90 96 77
 8.60 36007819 92 65 34
 8.58 36009700 63 69 62
 8.56 36006613 36 63 25
 8.54 36009906 11 22 58
 8.52 36008566 16 43 23
 8.50 36009312 53 45 14
 8.48 36006465 39 30 100
 8.46 36001288 63 31 83
 8.44 36005497 52 19 68
 8.42 36008610 70 95 101
 8.40 36003834 49 28 8
 8.38 36002178 74 71 60
 8.36 36009468 103 23 7
 8.34 36005973 80 59 10
 8.32 36003299 93 100 10
 8.30 36008271 37 44 64
 8.28 36008466 55 34 83
 8.26 36009100 92 74 15
 8.24 36005941 45 84 88
 8.22 36003954 56 95 74
 8.20 36006355 7 69 76
 8.18 36003754 85 61 11
 8.16 36008094 65 99 83
 8.14 36001056 74 95 14
 8.12 36001628 13 73 45
 8.10 36002516 55 17 57
 8.08 36000098 33 35 27
 8.06 36007596 20 35 85
 8.04 36006156 15 102 61
 8.02 36003532 46 97 8
 8.00 36005046 91 39 91
 7.98 36006536 39 7 8
 7.96 36003943 86 15 47
 7.94 36009265 89 103 57
 7.92 36007535 76 103 13
 7.90 36004527 34 97 56
 7.88 36009866 64 58 18
 7.86 36005245 42 75 71
 7.84 36002416 61 49 38
 7.82 36000664 101 69 97
 7.80 36008436 90 54 11
 7.78 36008817 24 75 26
 7.76 36003542 91 22 60
 7.74 36005232 67 53 29
 7.72 36002541 47 90 32
 7.70 36007895 56 74 49
 7.68 36002523 20 72 53
 7.66 36008458 30 36 14
 7.64 36002196 95 102 86
 7.62 36009706 96 42 51
 7.60 36007471 48 44 13
 7.58 36009260 93 42 22
 7.56 36003298 11 66 19
 7.54 36009546 76 34 68
 7.52 36001753 62 67 94
 7.50 36003998 103 29 65
 7.48 36006372 23 83 50
 7.46 36009526 42 78 97
 7.44 36002739 69 37 45
 7.42 36005222 88 67 34
 7.40 36005321 52 68 18
 7.38 36007324 91 63 33
 7.36 36000553 37 10 47
 7.34 36000425 97 34 38
 7.32 36006177 48 39 9
 7.30 36004935 5 24 7
 7.28 36006823 30 84 54
 7.26 36000791 32 97 40
 7.24 36005851 24 98 100
 7.22 36007419 93 34 26
 7.20 36003432 48 91 27
 7.18 36009944 92 103 97
 7.16 36000884 98 26 95
 7.14 36001653 26 86 104
 7.12 36001264 60 82 71
 7.10 36002702 6 66 94
 7.08 36006195 30 68 63
 7.06 36005081 78 85 8
 7.04 36008960 49 16 76
 7.02 36003823 72 54 85
 7.00 36003833 56 19 72
 6.98 36004463 56 34 88
 6.96 36001665 42 46 51
 6.94 36006755 96 76 28
 6.92 36001723 29 11 33
 6.90 36004626 45 22 18
 6.88 36009774 51 7 64
 6.86 36002390 26 70 23
 6.84 36002422 55 104 30
 6.82 36007211 42 7 35
 6.80 36007691 10 5 79
 6.78 36007810 92 92 52
 6.76 36001864 31 71 64
 6.74 36009429 96 12 73
 6.72 36002570 13 102 91
 6.70 36005038 43 100 11
 6.68 36008114 82 86 86
 6.66 36002803 40 7 103
 6.64 36003070 52 5 68
 6.62 36009790 84 45 53
 6.60 36000114 101 11 38
 6.58 36001929 36 94 69
 6.56 36008106 53 54 83
 6.54 36000222 16 58 24
 6.52 36006434 80 84 87
 6.50 36003211 6 101 26
 6.48 36005594 11 7 58
 6.46 36005682 69 34 99
 6.44 36004027 55 7 66
 6.42 36003627 74 66 79
 6.40 36001205 36 31 95
 6.38 36005458 43 24 20
 6.36 36006970 41 33 8
 6.34 36009467 100 25 16
 6.32 36007115 81 87 19
 6.30 36007533 43 20 34
 6.28 36005222 66 53 86
 6.26 36005088 21 97 53
 6.24 36000751 85 18 11
 6.22 36007327 22 44 30
 6.20 36003371 12 84 51
 6.18 36001665 85 77 64
 6.16 36003547 10 37 48
 6.14 36006454 10 33 80
 6.12 36009382 55 58 65
 6.10 36005939 91 18 23
 6.08 36009691 75 14 40
 6.06 36001470 57 29 68
 6.04 36003349 94 104 46
 6.02 36008965 26 23 38
 